8IDD03,  996.655,  985.176,  -6099.504
8IDD04,  1021.276,  985.878,  -5405.366
8IDD05,  959.710,  10.300,  -4867.044
8IDD06,  -678.390,  710.533,  -5848.170
8IDD07,  -675.368,  706.736,  -6897.334
8IDE1,  4008.247,  862.714,  2863.860		-986.419947,  4462.744183,  824.472809
8IDE10,  1034.918,  1161.631,  -2372.503	-4153.967961, -658.789822, 1123.465186
8IDE11,  1075.901,  -366.194,  -2371.679
8IDE12,  2137.361,  944.795,  -2355.180		-4668.01465, 316.671811, 906.656876
8IDE13,  2129.106,  -1177.367,  -2350.533
8IDE14,  4040.245,  986.877,  -73.552
8IDE15,  3961.857,  988.172,  570.495
8IDE16,  3973.082,  988.308,  1422.211
8IDE17,  3981.473,  988.053,  2037.377
8IDE2,  3976.310,  -1229.524,  2861.325
8IDE3,  1863.359,  908.285,  5221.612	    2111.402938, 3712.446781, 869.932676
8IDE4,  1867.987,  53.904,  5220.868
8IDE5,  1855.362,  -1014.526,  5220.089
8IDE6,  416.026,  1162.410,  7195.647		 4537.800716, 3389.885776, 1124.114359
8IDE7,  -1676.074,  1169.549,  4484.525
8IDE8,  -1576.471,  1162.600,  3382.122
8IDE9,  -1578.107,  -361.159,  3384.773
8IDI01,  1852.605,  215.230,  9404.189
8IDI02,  1874.202,  983.314,  9822.903
